001213
000902
000372
001538
001090
001891
000531
000008
002295
001934
001281
001592
001122
000992
000358
000183
000639
000720
001360
000985
001078
000516
002019
000703
000279
002143
001056
001348
000235
000836
000717
000386
001216
000585
000010
001668
001992
002035
000959
000896
000306
000719
001365
000640
000986
000629
002043
001640
000065
002258
000484
002031
000539
000774
000934
002025
000443
000776
000775
002195
002030
001464
001107
001742
001657
000375
000132
001370
001915
000878
000157
000315
001475
001782
001982
002330
000605
001676
002201
001034
000114
000066
000191
000708
000835
001174
001617
002268
000351
001414
002152
000396
002327
000500
001564
001286
001546
000805
001103
000115
002115
002106
000565
001198
001340
000593
001600
001659
002209
001486
001836
001536
001596
000347
000111
001645
002117
000246
000262
000810
000097
001490
000337
000571
000792
001266
001684
001519
000533
001754
001669
000260
000270
001271
001620
000355
000972
001262
000481
002293
001832
001143
000549
000240
002260
001436
002286
001903
000238
001926
000998
000046
001101
001741
000077
001936
002374
000299
001635
000741
001615
000971
001035
000679
001876
000606
000027
000575
001924
001652
001976
002296
001973
001829
002228
000080
001909
001917
000247
000870
000112
001329
002048
001794
000194
001864
001803
001196
001597
001585
001202
002110
000801
001985
000018
000993
000662
000164
001576
000211
001510
002007
001875
002131
000876
000423
001401
002164
000558
000527
001545
000318
000668
001647
002128
001504
000184
001438
000517
002085
001350
001898
000141
001513
000362
000518
002061
001244
001423
001648
002196
000874
002114
001732
002000
000182
000366
000338
001927
001962
001638
001608
000369
001726
000466
000886
000590
001798
001012
001886
000121
000225
000786
002059
002386
000754
001496
000861
001670
000681
001424
001430
000897
002393
001123
002318
001502
001211
000893
000578
001512
000738
001956
000925
001559
001692
000674
000862
000758
001622
002240
001822
000788
001089
001028
001373
000847
000435
002120
000171
002390
002348
001003
001587
001743
001232
001207
000356
001863
001444
001810
002057
001714
001856
000706
001273
000480
001747
000521
000118
001609
001110
001315
001331
000237
000047
001665
001492
001125
001061
001175
000647
000597
000642
000620
000712
001901
001076
000011
001960
000253
001091
001654
000454
001907
001272
000348
000487
000596
000601
001850
002027
002212
000128
002221
002392
001566
000216
001820
000089
001008
001109
000412
001148
001612
001060
000263
000310
000471
000376
001247
001393
000374
000576
000856
000782
001911
002300
000770
001121
000290
002194
001995
000696
000272
001093
001129
000633
000556
001086
001606
000051
001357
002303
000988
002187
002342
001252
001687
001631
001634
000256
000693
000052
001484
001243
002047
000100
000421
002137
001188
000230
000899
000526
000837
000427
000845
001644
001522
001881
000924
002346
000261
001024
000885
000838
001672
001661
000479
001681
000562
001330
000691
001555
000711
000812
001671
000098
000016
001001
000489
001004
001218
001943
001431
001225
001098
000494
002376
000922
000483
002291
001136
002288
000287
001574
002134
002016
000604
002358
001042
001887
002233
002378
001126
002272
001481
002040
000915
002323
002132
002029
000014
000888
000339
001190
001336
000983
000546
000927
001770
000082
000029
001588
000166
000495
002294
000673
002163
001797
001241
000313
000233
001045
001404
000361
001697
002053
002080
001291
001730
000917
001495
001623
001882
000614
001177
000873
001923
001433
001321
000541
001058
002259
001548
001879
000624
001949
000611
000730
000241
000034
002292
002139
001664
002042
000377
000860
002335
001092
001155
002154
002311
000875
000903
000616
002264
000025
002253
001993
000635
002069
002084
000808
001411
001010
001573
002173
001134
000070
002289
001598
000638
000486
000103
000269
002188
002279
001550
001865
001227
001477
000550
002325
000630
000131
001833
001381
002045
001223
000830
002256
002113
000841
000797
001074
000852
000496
001675
001872
001015
000650
000248
001168
000434
000349
000536
001405
002161
000725
000015
001849
001007
001605
000168
001552
000430
000542
000068
000321
000017
000397
002217
000831
000780
001138
000177
000472
000281
002313
